Item Code,Description,Item Category,Oraganization,Sub Inventory,To Location,To Subinventory,Document Number,Transaction ID,Transaction DATE,Selling  Price,Value of Selling Price,Lot Number,UOM,Transaction Type,Transaction Quantity,Transaction Cost,Transaction Value,Balance Quantity,Balance Value
6100010214,HYDRALAZINE HCL 20 MG INJ 1'S (N),Medicine,Rayan Hospital Clinics,RAY_ER,RYN 11206-E.R. (Emergency Room),,15439512,1112920495,04-01-2024,45.71,-182.84,8424103.0,AMP,Move Order Issue,4.0,17.35226,-69.40905,30.0,520.56791
6100010214,HYDRALAZINE HCL 20 MG INJ 1'S (N),Medicine,Rayan Hospital Clinics,RAY_ER,RYN 11206-E.R. (Emergency Room),,15484507,1121480647,21-01-2024,45.71,-411.39,8424107.0,AMP,Move Order Issue,9.0,17.35226,-156.17037,21.0,364.39753
6100010214,HYDRALAZINE HCL 20 MG INJ 1'S (N),Medicine,Rayan Hospital Clinics,RAY_ER,RYN 11206-E.R. (Emergency Room),,15484507,1121480647,21-01-2024,45.71,-45.71,8424108.0,AMP,Move Order Issue,1.0,17.35226,-17.35226,20.0,347.04527
6100010214,HYDRALAZINE HCL 20 MG INJ 1'S (N),Medicine,Rayan Hospital Clinics,RAY_CATHLB,,,,1123474539,24-01-2024,45.71,-45.71,8424103.0,AMP,Issue to Patient,1.0,17.35226,-17.35226,19.0,329.69301
6100010214,HYDRALAZINE HCL 20 MG INJ 1'S (N),Medicine,Rayan Hospital Clinics,RAY_CATHLB,,,,1124386743,26-01-2024,45.71,-182.84,8424105.0,AMP,Physical Inv Adjust,4.0,17.35226,-69.40905,15.0,260.28395
6100010214,HYDRALAZINE HCL 20 MG INJ 1'S (N),Medicine,Rayan Hospital Clinics,RAY_CATHLB,,,,1124386931,26-01-2024,45.71,-45.71,8424101.0,AMP,Physical Inv Adjust,1.0,17.35226,-17.35226,14.0,242.93169
6100010214,HYDRALAZINE HCL 20 MG INJ 1'S (N),Medicine,Rayan Hospital Clinics,RAY_CATHLB,,,,1124386932,26-01-2024,45.71,-45.71,8424103.0,AMP,Physical Inv Adjust,1.0,17.35226,-17.35226,13.0,225.57943
6100010214,HYDRALAZINE HCL 20 MG INJ 1'S (N),Medicine,Rayan Hospital Clinics,RAY_ER,,,,1124447823,26-01-2024,45.71,-137.13,8424108.0,AMP,Physical Inv Adjust,3.0,17.35226,-52.05679,17.0,294.98848
6100010214,HYDRALAZINE HCL 20 MG INJ 1'S (N),Medicine,Rayan Hospital Clinics,RAY_CATHLB,,,,1127225074,31-01-2024,45.71,-45.71,8424107.0,AMP,Issue to Patient,1.0,17.38622,-17.38622,17.0,295.56566
6100010214,HYDRALAZINE HCL 20 MG INJ 1'S (N),Medicine,Rayan Hospital Clinics,RAY_CATHLB,,,,1129159641,04-02-2024,45.71,-45.71,8424107.0,AMP,Issue to Patient,1.0,17.41828,-17.41828,17.0,296.11077
6100010214,HYDRALAZINE HCL 20 MG INJ 1'S (N),Medicine,Rayan Hospital Clinics,RAY_ANSTHA,,,,1133437710,12-02-2024,45.71,-45.71,8424105.0,AMP,Issue to Patient,1.0,17.66446,-17.66446,30.0,529.93379
6100010214,HYDRALAZINE HCL 20 MG INJ 1'S (N),Medicine,Rayan Hospital Clinics,RAY_ANSTHA,,,,1134759129,14-02-2024,45.71,-45.71,8424105.0,AMP,Issue to Patient,1.0,17.68702,-17.68702,30.0,530.61052
6100010214,HYDRALAZINE HCL 20 MG INJ 1'S (N),Medicine,Rayan Hospital Clinics,RAY_ANSTHA,,,,1134831466,14-02-2024,45.71,-45.71,8424105.0,AMP,Issue to Patient,1.0,17.68702,-17.68702,29.0,512.9235
6100010214,HYDRALAZINE HCL 20 MG INJ 1'S (N),Medicine,Rayan Hospital Clinics,RAY_ANSTHA,,,,1135258010,15-02-2024,45.71,-45.71,8424105.0,AMP,Issue to Patient,1.0,17.68702,-17.68702,28.0,495.23648
6100010214,HYDRALAZINE HCL 20 MG INJ 1'S (N),Medicine,Rayan Hospital Clinics,RAY_ANSTHA,,,,1135367454,15-02-2024,45.71,-45.71,8424103.0,AMP,Issue to Patient,1.0,17.68702,-17.68702,27.0,477.54947
6100010214,HYDRALAZINE HCL 20 MG INJ 1'S (N),Medicine,Rayan Hospital Clinics,RAY_ANSTHA,,,,1135491393,15-02-2024,45.71,-45.71,8424103.0,AMP,Issue to Patient,1.0,17.68702,-17.68702,26.0,459.86245
6100010214,HYDRALAZINE HCL 20 MG INJ 1'S (N),Medicine,Rayan Hospital Clinics,RAY_ANSTHA,,,,1136055171,17-02-2024,45.71,-45.71,8424103.0,AMP,Issue to Patient,1.0,17.68702,-17.68702,25.0,442.17543
6100010214,HYDRALAZINE HCL 20 MG INJ 1'S (N),Medicine,Rayan Hospital Clinics,RAY_ANSTHA,,,,1136060097,17-02-2024,45.71,-45.71,8424103.0,AMP,Issue to Patient,1.0,17.68702,-17.68702,24.0,424.48841
6100010214,HYDRALAZINE HCL 20 MG INJ 1'S (N),Medicine,Rayan Hospital Clinics,RAY_ANSTHA,,,,1136064162,17-02-2024,45.71,-45.71,8424103.0,AMP,Issue to Patient,1.0,17.68702,-17.68702,23.0,406.8014
6100010214,HYDRALAZINE HCL 20 MG INJ 1'S (N),Medicine,Rayan Hospital Clinics,RAY_ANSTHA,,,,1136741976,18-02-2024,45.71,-45.71,8424103.0,AMP,Issue to Patient,1.0,17.68702,-17.68702,22.0,389.11438
6100010214,HYDRALAZINE HCL 20 MG INJ 1'S (N),Medicine,Rayan Hospital Clinics,RAY_CATHLB,,,,1143414129,02-03-2024,45.71,-45.71,8424103.0,AMP,Issue to Patient,1.0,17.68702,-17.68702,21.0,371.42736
6100010214,HYDRALAZINE HCL 20 MG INJ 1'S (N),Medicine,Rayan Hospital Clinics,RAY_CATHLB,,,,1147825555,10-03-2024,45.71,-45.71,8424103.0,AMP,Issue to Patient,1.0,17.99776,-17.99776,26.0,467.94177
6100010214,HYDRALAZINE HCL 20 MG INJ 1'S (N),Medicine,Rayan Hospital Clinics,RAY_ANSTHA,,,,1150024606,14-03-2024,45.71,-45.71,8424107.0,AMP,Issue to Patient,1.0,18.07911,-18.07911,27.0,488.13601
6100010214,HYDRALAZINE HCL 20 MG INJ 1'S (N),Medicine,Rayan Hospital Clinics,RAY_ANSTHA,,,,1151715878,18-03-2024,45.71,-45.71,8424107.0,AMP,Issue to Patient,1.0,18.07911,-18.07911,26.0,470.05689
6100010214,HYDRALAZINE HCL 20 MG INJ 1'S (N),Medicine,Rayan Hospital Clinics,RAY_ANSTHA,,,,1151746171,18-03-2024,45.71,-45.71,8424107.0,AMP,Issue to Patient,1.0,18.07911,-18.07911,25.0,451.97778
6100010214,HYDRALAZINE HCL 20 MG INJ 1'S (N),Medicine,Rayan Hospital Clinics,RAY_CATHLB,,,,1155239076,25-03-2024,45.71,-45.71,8424103.0,AMP,Issue to Patient,1.0,18.25767,-18.25767,29.0,529.47229
6100010214,HYDRALAZINE HCL 20 MG INJ 1'S (N),Medicine,Rayan Hospital Clinics,RAY_ANSTHA,,,,1155759000,26-03-2024,45.71,-45.71,8424107.0,AMP,Issue to Patient,1.0,18.25767,-18.25767,28.0,511.21463
6100010214,HYDRALAZINE HCL 20 MG INJ 1'S (N),Medicine,Rayan Hospital Clinics,RAY_ANSTHA,,,,1156850898,28-03-2024,45.71,-45.71,8424107.0,AMP,Issue to Patient,1.0,18.36979,-18.36979,31.0,569.46353
6100010214,HYDRALAZINE HCL 20 MG INJ 1'S (N),Medicine,Rayan Hospital Clinics,RAY_CATHLB,,,,1165183455,18-04-2024,45.71,-45.71,8424103.0,AMP,Issue to Patient,1.0,18.36979,-18.36979,30.0,551.09374
6100010214,HYDRALAZINE HCL 20 MG INJ 1'S (N),Medicine,Rayan Hospital Clinics,RAY_CATHLB,,,,1170836848,29-04-2024,45.71,-45.71,8424113.0,AMP,Issue to Patient,1.0,18.36979,-18.36979,29.0,532.72394
6100010214,HYDRALAZINE HCL 20 MG INJ 1'S (N),Medicine,Rayan Hospital Clinics,RAY_CATHLB,,,,1172075408,01-05-2024,45.71,-45.71,8424113.0,AMP,Issue to Patient,1.0,18.36979,-18.36979,28.0,514.35415
6100010214,HYDRALAZINE HCL 20 MG INJ 1'S (N),Medicine,Rayan Hospital Clinics,RAY_CATHLB,,,,1174580797,06-05-2024,45.71,-91.42,8424107.0,AMP,Issue to Patient,2.0,18.40608,-36.81216,27.0,496.9642
6100010214,HYDRALAZINE HCL 20 MG INJ 1'S (N),Medicine,Rayan Hospital Clinics,RAY_CATHLB,,,,1182144088,19-05-2024,45.71,-45.71,8424113.0,AMP,Issue to Patient,1.0,18.68071,-18.68071,36.0,672.50558
6100010214,HYDRALAZINE HCL 20 MG INJ 1'S (N),Medicine,Rayan Hospital Clinics,RAY_PICU,,,,1182449890,20-05-2024,45.71,-45.71,8424103.0,AMP,Issue to Patient,1.0,18.68071,-18.68071,35.0,653.82487
6100010214,HYDRALAZINE HCL 20 MG INJ 1'S (N),Medicine,Rayan Hospital Clinics,RAY_ANSTHA,,,,1183921368,22-05-2024,45.71,-45.71,8424113.0,AMP,Issue to Patient,1.0,18.68071,-18.68071,34.0,635.14416
6100010214,HYDRALAZINE HCL 20 MG INJ 1'S (N),Medicine,Rayan Hospital Clinics,RAY_ANSTHA,,,,1183927950,22-05-2024,45.71,-45.71,8424113.0,AMP,Issue to Patient,1.0,18.68071,-18.68071,33.0,616.46345
6100010214,HYDRALAZINE HCL 20 MG INJ 1'S (N),Medicine,Rayan Hospital Clinics,RAY_ANSTHA,,,,1183931239,22-05-2024,45.71,-45.71,8424113.0,AMP,Issue to Patient,1.0,18.68071,-18.68071,32.0,597.78274
6100010214,HYDRALAZINE HCL 20 MG INJ 1'S (N),Medicine,Rayan Hospital Clinics,RAY_CATHLB,,,,1185383566,25-05-2024,45.71,-45.71,8424107.0,AMP,Issue to Patient,1.0,18.68071,-18.68071,31.0,579.10203
6100010214,HYDRALAZINE HCL 20 MG INJ 1'S (N),Medicine,Rayan Hospital Clinics,RAY_CATHLB,,,,1185442724,25-05-2024,45.71,-45.71,8424107.0,AMP,Issue to Patient,1.0,18.68071,-18.68071,30.0,560.42132
6100010214,HYDRALAZINE HCL 20 MG INJ 1'S (N),Medicine,Rayan Hospital Clinics,RAY_CATHLB,,,,1185556921,25-05-2024,45.71,-45.71,8424107.0,AMP,Issue to Patient,1.0,18.68071,-18.68071,29.0,541.74061
6100010214,HYDRALAZINE HCL 20 MG INJ 1'S (N),Medicine,Rayan Hospital Clinics,RAY_ANSTHA,,,,1187190691,28-05-2024,45.71,-45.71,8424109.0,AMP,Issue to Patient,1.0,18.78975,-18.78975,33.0,620.0619
6100010214,HYDRALAZINE HCL 20 MG INJ 1'S (N),Medicine,Rayan Hospital Clinics,RAY_ANSTHA,,,,1187195676,28-05-2024,45.71,-45.71,8424109.0,AMP,Issue to Patient,1.0,18.78975,-18.78975,32.0,601.27214
6100010214,HYDRALAZINE HCL 20 MG INJ 1'S (N),Medicine,Rayan Hospital Clinics,RAY_LDR,,,,1187238048,28-05-2024,45.71,-137.13,8424103.0,AMP,Physical Inv Adjust,3.0,18.78975,-56.36926,29.0,544.90288
6100010214,HYDRALAZINE HCL 20 MG INJ 1'S (N),Medicine,Rayan Hospital Clinics,RAY_ER,RYN 11206-E.R. (Emergency Room),,15903447,1188619619,30-05-2024,45.71,-91.42,8424103.0,AMP,Move Order Issue,2.0,18.91237,-37.82473,31.0,586.28334
6100010214,HYDRALAZINE HCL 20 MG INJ 1'S (N),Medicine,Rayan Hospital Clinics,RAY_ER,RYN 11206-E.R. (Emergency Room),,15903447,1188619619,30-05-2024,45.71,-45.71,8424105.0,AMP,Move Order Issue,1.0,18.91237,-18.91237,30.0,567.37097
6100010214,HYDRALAZINE HCL 20 MG INJ 1'S (N),Medicine,Rayan Hospital Clinics,RAY_ER,RYN 11206-E.R. (Emergency Room),,15903447,1188619619,30-05-2024,45.71,-45.71,8424107.0,AMP,Move Order Issue,1.0,18.91237,-18.91237,29.0,548.45861
6100010214,HYDRALAZINE HCL 20 MG INJ 1'S (N),Medicine,Rayan Hospital Clinics,RAY_ER,RYN 11206-E.R. (Emergency Room),,15903447,1188619619,30-05-2024,45.71,-45.71,8424109.0,AMP,Move Order Issue,1.0,18.91237,-18.91237,28.0,529.54624
6100010214,HYDRALAZINE HCL 20 MG INJ 1'S (N),Medicine,Rayan Hospital Clinics,RAY_ER,RYN 11206-E.R. (Emergency Room),,15903447,1188619619,30-05-2024,45.71,-45.71,8424113.0,AMP,Move Order Issue,1.0,18.91237,-18.91237,27.0,510.63388
6100010214,HYDRALAZINE HCL 20 MG INJ 1'S (N),Medicine,Rayan Hospital Clinics,RAY_PICU,,,,1189036629,31-05-2024,45.71,-45.71,8424103.0,AMP,Physical Inv Adjust,1.0,19.18296,-19.18296,28.0,537.12277
6100010214,HYDRALAZINE HCL 20 MG INJ 1'S (N),Medicine,Rayan Hospital Clinics,RAY_ICUA,,,,1189052810,31-05-2024,45.71,-137.13,8424102.0,AMP,Physical Inv Adjust,3.0,19.18296,-57.54887,26.0,498.75686
6100010214,HYDRALAZINE HCL 20 MG INJ 1'S (N),Medicine,Rayan Hospital Clinics,RAY_ER,,,,1189081780,31-05-2024,45.71,-137.13,8424107.0,AMP,Physical Inv Adjust,3.0,19.18296,-57.54887,26.0,498.75686
6100010214,HYDRALAZINE HCL 20 MG INJ 1'S (N),Medicine,Rayan Hospital Clinics,RAY_ER,,,,1189081781,31-05-2024,45.71,-91.42,8424113.0,AMP,Physical Inv Adjust,2.0,19.18296,-38.36591,24.0,460.39095
6100010214,HYDRALAZINE HCL 20 MG INJ 1'S (N),Medicine,Rayan Hospital Clinics,RAY_ANSTHA,,,,1190048667,02-06-2024,45.71,-45.71,8424113.0,AMP,Issue to Patient,1.0,19.18296,-19.18296,26.0,498.75686
6100010214,HYDRALAZINE HCL 20 MG INJ 1'S (N),Medicine,Rayan Hospital Clinics,RAY_ANSTHA,,,,1190051342,02-06-2024,45.71,-45.71,8424113.0,AMP,Issue to Patient,1.0,19.44388,-19.44388,27.0,524.98483
6100010214,HYDRALAZINE HCL 20 MG INJ 1'S (N),Medicine,Rayan Hospital Clinics,RAY_ANSTHA,,,,1190055493,02-06-2024,45.71,-45.71,8424113.0,AMP,Issue to Patient,1.0,19.44388,-19.44388,26.0,505.54095
6100010214,HYDRALAZINE HCL 20 MG INJ 1'S (N),Medicine,Rayan Hospital Clinics,RAY_ANSTHA,,,,1190669285,03-06-2024,45.71,-45.71,8424113.0,AMP,Issue to Patient,1.0,19.44388,-19.44388,25.0,486.09707
6100010214,HYDRALAZINE HCL 20 MG INJ 1'S (N),Medicine,Rayan Hospital Clinics,RAY_CATHLB,,,,1190917545,03-06-2024,45.71,-45.71,8424117.0,AMP,Issue to Patient,1.0,19.44388,-19.44388,24.0,466.65319
6100010214,HYDRALAZINE HCL 20 MG INJ 1'S (N),Medicine,Rayan Hospital Clinics,RAY_ANSTHA,,,,1194880298,10-06-2024,45.71,-45.71,8424113.0,AMP,Issue to Patient,1.0,19.95244,-19.95244,27.0,538.716
6100010214,HYDRALAZINE HCL 20 MG INJ 1'S (N),Medicine,Rayan Hospital Clinics,RAY_ANSTHA,,,,1201369471,25-06-2024,45.71,-45.71,8424113.0,AMP,Issue to Patient,1.0,20.25758,-20.25758,29.0,587.46986
6100010214,HYDRALAZINE HCL 20 MG INJ 1'S (N),Medicine,Rayan Hospital Clinics,RAY_ANSTHA,,,,1201999551,26-06-2024,45.71,-45.71,8424113.0,AMP,Issue to Patient,1.0,20.25758,-20.25758,28.0,567.21228
6100010214,HYDRALAZINE HCL 20 MG INJ 1'S (N),Medicine,Rayan Hospital Clinics,RAY_CATHLB,,,,1203330570,29-06-2024,45.71,-45.71,8424117.0,AMP,Issue to Patient,1.0,20.98473,-20.98473,37.0,776.43513
